Begin()
Output(1,LOW)

MoveJoint(-70.383,-64.055,126.475,-19.941,86.386,174.892)


MoveCart(71.22,-238.36,35.829,98.72,-0.408,83.559)
Output(1,HIGH)

MoveCart(65.93,-234.195,69.299,98.728,-0.395,83.741)
MoveCart(109.962,-233.562,75.242,105.543,-0.374,83.788)
MoveCart(120.481,-237.63,37.161,100.318,-0.399,83.666)
Output(1,LOW)
MoveCart(106.053,-192.908,109.891,107.001,3.997,97.936)
MoveCart(120.481,-237.63,37.161,100.318,-0.399,83.666)
Output(1,HIGH)
MovePose(121.252,-166.862,72.454,117.55,37.38,123.719)
MovePose(36.531,-227.329,97.824,125.734,-55.765,96.805)
MoveJoint(38.689,-129.78,129.493,0.0,-44.283,180.0,t=2)
MoveJoint(19.143,-136.06,142.99,0.0,12.403,180.0,t=1)
MoveJoint(38.689,-129.78,129.493,0.0,-44.283,180.0,t=1)
MoveJoint(19.143,-136.06,142.99,0.0,12.403,180.0,t=1)

MoveJoint(19.143,-136.058,142.984,0.0,71.691,180.0,t=0.8)
MoveJoint(19.143,-136.058,142.984,0.0,-53.142,180.0,t=0.8)

MoveCart(162.773,56.491,135.633,-26.568,42.914,-161.18,t=3.4)
MoveCart(162.579,56.399,184.104,-26.559,42.91,-161.187,t=1)
MoveCart(162.693,56.437,161.638,-26.566,42.93,-161.176,t=0.7)
MoveCart(162.579,56.399,184.104,-26.559,42.91,-161.187,t=0.7)
MoveCart(162.693,56.437,161.638,-26.566,42.93,-161.176,t=0.7)
MoveJoint(50.889,-76.168,146.124,34.706,69.905,167.479)
MoveCart(91.248,239.524,157.904,-102.349,5.307,-74.581,t=1.4)
MoveCart(194.647,238.662,157.447,-102.333,5.281,-74.693,t=1.6)
MoveCart(91.248,239.524,157.904,-102.349,5.307,-74.581,t=1.6)
MoveCart(194.647,238.662,157.447,-102.333,5.281,-74.693,t=1.6)
MoveCart(193.71,114.176,157.392,-102.173,5.254,-74.679,t=2)
MoveJoint(25.172,-116.893,134.426,-29.18,-31.247,253.659,t=2)
MoveJoint(61.409,-98.362,121.156,47.7,57.431,165.24,t=2)

MoveJoint(-70.383,-64.055,126.475,-19.941,86.386,174.892)


MoveCart(71.22,-238.36,35.829,98.72,-0.408,83.559)
Output(1,LOW)
MoveCart(71.22,-238.36,35.829,98.72,-0.408,83.559)

Loop()
















